Drozdov Nikita # <-- fill it in
# Each line is: <state1> -> <state2>
# Each <state> is: [Px,Qy,a,b]

# transition from the initial state where P is making a step
# level 1
[1 1 0 0] -> [1 2 0 1]
[1 2 0 1] -> [1 4 0 1]
[1 4 0 1] -> [2 4 1 1]
[2 4 1 1] -> [3 4 1 1]
[2 4 1 1] -> [2 4 1 1]
[3 4 1 1] -> [4 4 1 1]
[4 4 1 1] -> [1 4 0 1]

# <->
[P1,Q1,0,0] -> [P2,Q1,1,0]
[1 2 0 1] -> [2 2 1 1]

# level 2
[2 1 1 0] -> [2 1 1 1]
[2 2 1 1] -> [2 3 1 1]
[2 3 1 1] -> [2 1 1 0]

# <->
[2 1 1 0] -> [3 1 1 0]

# level 3
[3 1 1 0] -> [3 2 1 1]
[3 2 1 1] -> [3 3 1 1]
[3 3 1 1] -> [3 1 1 0]

# <->
[3 1 1 0] -> [4 1 0 0]
[3 2 1 1] -> [4 2 1 1]
[3 3 1 1] -> [4 3 1 1]

# level 4
[4 1 1 0] -> [4 2 1 1]
[4 2 1 1] -> [4 3 1 1]
[4 3 1 1] -> [1 3 0 1]

# <->
[1 3 0 1] -> [1 1 0 0]
[4 1 1 0] -> [1 1 0 0]
[4 2 1 1] -> [1 2 0 1]
[4 3 1 1] -> [4 1 1 0]



# todo: write the rest of transitions
